[33m7[0m
[92m##start
[0m10 0 0
[36m##end
[0m11 10 10
15 1 1
13 2 2
17 3 3
3 4 4
18 5 5
14 6 6
0 7 7
2 8 8
5 9 9
9 11 11
8 12 12
L1-13 L1-3 L2-13 L1-0 L2-3 L3-13 L1-5 L2-0 L3-3 L4-13 L1-11 L2-5 L3-0 L4-3 L5-13 L2-11 L3-5 L4-0 L5-3 L6-13 L3-11 L4-5 L5-0 L6-3 L7-13 L4-11 L5-5 L6-0 L7-3 L5-11 L6-5 L7-0 L6-11 L7-5 L7-11 L1-13 L2-18 L1-3 L3-13 L2-2 L4-18 L1-0 L3-3 L5-13 L1-5 L3-0 L5-3 L6-13 L1-11 L3-5 L5-0 L6-3 L7-13 L3-11 L5-5 L6-0 L7-3 L5-11 L6-5 L7-0 L6-11 L7-5 L2-0 L4-2 L7-11 L2-5 L4-0 L2-11 L4-5 L4-11 L1-13 L2-18 L1-3 L3-13 L2-10 L4-18 L1-0 L3-3 L5-13 L2-15 L4-10 L6-18 L1-5 L3-0 L5-3 L7-13 L2-17 L4-15 L6-10 L1-11 L3-5 L5-0 L7-3 L2-14 L4-17 L6-15 L3-11 L5-5 L7-0 L2-9 L4-14 L6-17 L5-11 L7-5 L2-11 L4-9 L6-14 L7-11 L4-11 L6-9 L6-11 L1-13 L2-18 L3-15 L1-3 L4-13 L2-10 L5-18 L3-17 L6-15 L1-0 L4-3 L7-13 L3-14 L6-17 L1-5 L4-0 L7-3 L2-15 L5-10 L3-9 L6-14 L1-11 L4-5 L7-0 L2-17 L5-15 L3-11 L6-9 L4-11 L7-5 L2-14 L5-17 L6-11 L7-11 L2-9 L5-14 L2-11 L5-9 L5-11 L1-13 L2-18 L3-15 L1-3 L4-13 L2-10 L5-18 L3-17 L6-15 L1-0 L4-3 L7-13 L3-14 L6-17 L1-5 L4-0 L7-3 L2-15 L5-10 L3-9 L6-14 L1-11 L4-5 L7-0 L2-17 L5-15 L3-11 L6-9 L4-11 L7-5 L2-14 L5-17 L6-11 L7-11 L2-9 L5-14 L2-11 L5-9 L5-11 
L1-13 L2-18 
L1-3 L3-13 L2-10 L4-18 
L1-0 L3-3 L5-13 L2-15 L4-10 L6-18 
L1-5 L3-0 L5-3 L7-13 L2-17 L4-15 L6-10 
L1-11 L3-5 L5-0 L7-3 L2-14 L4-17 L6-15 
L3-11 L5-5 L7-0 L2-9 L4-14 L6-17 
L5-11 L7-5 L2-11 L4-9 L6-14 
L7-11 L4-11 L6-9 
L6-11 


Trying paths: 
10-13-3-0-5-11-

 step = 11


Trying paths: 
10-13-3-0-5-11-
10-18-2-0-5-11-

 step = 11
    0    1 9999 9999 9999 9999 9999 9999 9999 9999 9999 9999 9999
    1    0 9999    1 9999 9999 9999 9999 9999 9999 9999 9999 9999
 9999 9999    0 9999    1 9999 9999 9999 9999 9999 9999 9999 9999
 9999    1 9999    0 9999 9999    1 9999 9999 9999 9999 9999 9999
 9999 9999    1 9999    0 9999 9999    1 9999 9999 9999 9999 9999
    1 9999 9999 9999 9999    0 9999 9999    1 9999 9999 9999 9999
 9999 9999 9999    1 9999 9999    0 9999 9999 9999 9999    1    1
 9999 9999 9999 9999    1 9999 9999    0 9999    1 9999 9999 9999
 9999 9999 9999 9999 9999    1 9999 9999    0 9999 9999 9999 9999
 9999 9999 9999 9999 9999 9999 9999    1 9999    0    1 9999 9999
 9999 9999 9999 9999 9999 9999 9999 9999 9999    1    0    1 9999
 9999 9999 9999 9999 9999 9999    1 9999 9999 9999    1    0    1
 9999 9999 9999 9999 9999 9999    1 9999 9999 9999 9999    1    0
    0    1 9999 9999 9999 9999 9999 9999 9999 9999 9999 9999 9999
    1    0 9999    1 9999 9999 9999 9999 9999 9999 9999 9999 9999
 9999 9999    0 9999    1 9999 9999 9999 9999 9999 9999 9999 9999
 9999    1 9999    0 9999 9999    1 9999 9999 9999 9999 9999 9999
 9999 9999    1 9999    0 9999 9999    1 9999 9999 9999 9999 9999
    1 9999 9999 9999 9999    0 9999 9999    1 9999 9999 9999 9999
 9999 9999 9999    1 9999 9999    0 9999 9999 9999 9999    1    1
 9999 9999 9999 9999    1 9999 9999    0 9999 9999 9999 9999 9999
 9999 9999 9999 9999 9999    1 9999 9999    0 9999 9999 9999 9999
 9999 9999 9999 9999 9999 9999 9999 9999 9999    0    1 9999 9999
 9999 9999 9999 9999 9999 9999 9999 9999 9999    1    0    1 9999
 9999 9999 9999 9999 9999 9999    1 9999 9999 9999    1    0    1
 9999 9999 9999 9999 9999 9999    1 9999 9999 9999 9999    1    0


Trying paths: 
10-13-3-0-5-11-
10-18-10-15-17-14-9-11-

 step = 9


Trying paths: 
10-13-3-0-5-11-
10-18-10-15-17-14-9-11-
10-15-17-14-9-11-

 step = 9
    0 9999 9999 9999 9999 9999 9999 9999 9999 9999 9999 9999 9999
 9999    0 9999    1 9999 9999 9999 9999 9999 9999 9999 9999 9999
 9999 9999    0 9999    1 9999 9999 9999 9999 9999 9999 9999 9999
 9999    1 9999    0 9999 9999    1 9999 9999 9999 9999 9999 9999
 9999 9999    1 9999    0 9999 9999    1 9999 9999 9999 9999 9999
 9999 9999 9999 9999 9999    0 9999 9999    1 9999 9999 9999 9999
 9999 9999 9999    1 9999 9999    0 9999 9999 9999 9999    1    1
 9999 9999 9999 9999    1 9999 9999    0    1    1 9999 9999 9999
 9999 9999 9999 9999 9999    1 9999    1    0 9999 9999 9999 9999
 9999 9999 9999 9999 9999 9999 9999    1 9999    0    1 9999 9999
 9999 9999 9999 9999 9999 9999 9999 9999 9999    1    0    1 9999
 9999 9999 9999 9999 9999 9999    1 9999 9999 9999    1    0    1
 9999 9999 9999 9999 9999 9999    1 9999 9999 9999 9999    1    0
    0 9999 9999 9999 9999 9999 9999 9999 9999 9999 9999 9999 9999
 9999    0 9999 9999 9999 9999 9999 9999 9999 9999 9999 9999 9999
 9999 9999    0 9999    1 9999 9999 9999 9999 9999 9999 9999 9999
 9999 9999 9999    0 9999 9999    1 9999 9999 9999 9999 9999 9999
 9999 9999    1 9999    0 9999 9999    1 9999 9999 9999 9999 9999
 9999 9999 9999 9999 9999    0 9999 9999    1 9999 9999 9999 9999
 9999 9999 9999    1 9999 9999    0 9999 9999 9999 9999    1    1
 9999 9999 9999 9999    1 9999 9999    0    1    1 9999 9999 9999
 9999 9999 9999 9999 9999    1 9999    1    0 9999 9999 9999 9999
 9999 9999 9999 9999 9999 9999 9999    1 9999    0    1 9999 9999
 9999 9999 9999 9999 9999 9999 9999 9999 9999    1    0    1 9999
 9999 9999 9999 9999 9999 9999    1 9999 9999 9999    1    0    1
 9999 9999 9999 9999 9999 9999    1 9999 9999 9999 9999    1    0
    0 9999 9999 9999 9999 9999 9999 9999 9999 9999 9999 9999 9999
 9999    0 9999 9999 9999 9999 9999 9999 9999 9999 9999 9999 9999
 9999 9999    0 9999    1 9999 9999 9999 9999 9999 9999 9999 9999
 9999 9999 9999    0 9999 9999 9999 9999 9999 9999 9999 9999 9999
 9999 9999    1 9999    0 9999 9999    1 9999 9999 9999 9999 9999
 9999 9999 9999 9999 9999    0 9999 9999    1 9999 9999 9999 9999
 9999 9999 9999 9999 9999 9999    0 9999 9999 9999 9999    1    1
 9999 9999 9999 9999    1 9999 9999    0    1    1 9999 9999 9999
 9999 9999 9999 9999 9999    1 9999    1    0 9999 9999 9999 9999
 9999 9999 9999 9999 9999 9999 9999    1 9999    0    1 9999 9999
 9999 9999 9999 9999 9999 9999 9999 9999 9999    1    0    1 9999
 9999 9999 9999 9999 9999 9999    1 9999 9999 9999    1    0    1
 9999 9999 9999 9999 9999 9999    1 9999 9999 9999 9999    1    0
    0 9999 9999 9999 9999 9999 9999 9999 9999 9999 9999 9999 9999
 9999    0 9999 9999 9999 9999 9999 9999 9999 9999 9999 9999 9999
 9999 9999    0 9999    1 9999 9999 9999 9999 9999 9999 9999 9999
 9999 9999 9999    0 9999 9999 9999 9999 9999 9999 9999 9999 9999
 9999 9999    1 9999    0 9999 9999    1 9999 9999 9999 9999 9999
 9999 9999 9999 9999 9999    0 9999 9999    1 9999 9999 9999 9999
 9999 9999 9999 9999 9999 9999    0 9999 9999 9999 9999 9999    1
 9999 9999 9999 9999    1 9999 9999    0    1    1 9999 9999 9999
 9999 9999 9999 9999 9999    1 9999    1    0 9999 9999 9999 9999
 9999 9999 9999 9999 9999 9999 9999    1 9999    0    1 9999 9999
 9999 9999 9999 9999 9999 9999 9999 9999 9999    1    0    1 9999
 9999 9999 9999 9999 9999 9999 9999 9999 9999 9999    1    0    1
 9999 9999 9999 9999 9999 9999    1 9999 9999 9999 9999    1    0


Trying paths: 
10-13-3-0-5-11-
10-18-10-15-17-14-9-11-
10-15-17-14-9-11-

 step = 9
    0 9999 9999 9999 9999 9999 9999 9999 9999 9999 9999 9999 9999
 9999    0 9999 9999 9999 9999 9999 9999 9999 9999 9999 9999 9999
 9999 9999    0 9999    1 9999 9999 9999 9999 9999 9999 9999 9999
 9999 9999 9999    0 9999 9999 9999 9999 9999 9999 9999 9999 9999
 9999 9999    1 9999    0 9999 9999    1 9999 9999 9999 9999 9999
 9999 9999 9999 9999 9999    0 9999 9999    1 9999 9999 9999 9999
 9999 9999 9999 9999 9999 9999    0 9999 9999 9999 9999 9999    1
 9999 9999 9999 9999    1 9999 9999    0    1    1 9999 9999 9999
 9999 9999 9999 9999 9999    1 9999    1    0 9999 9999 9999 9999
 9999 9999 9999 9999 9999 9999 9999    1 9999    0    1 9999 9999
 9999 9999 9999 9999 9999 9999 9999 9999 9999    1    0    1 9999
 9999 9999 9999 9999 9999 9999 9999 9999 9999 9999    1    0    1
 9999 9999 9999 9999 9999 9999    1 9999 9999 9999 9999    1    0
    0 9999 9999 9999 9999 9999 9999 9999 9999 9999 9999 9999 9999
 9999    0 9999 9999 9999 9999 9999 9999 9999 9999 9999 9999 9999
 9999 9999    0 9999    1 9999 9999 9999 9999 9999 9999 9999 9999
 9999 9999 9999    0 9999 9999 9999 9999 9999 9999 9999 9999 9999
 9999 9999    1 9999    0 9999 9999    1 9999 9999 9999 9999 9999
 9999 9999 9999 9999 9999    0 9999 9999    1 9999 9999 9999 9999
 9999 9999 9999 9999 9999 9999    0 9999 9999 9999 9999 9999    1
 9999 9999 9999 9999    1 9999 9999    0    1    1 9999 9999 9999
 9999 9999 9999 9999 9999    1 9999    1    0 9999 9999 9999 9999
 9999 9999 9999 9999 9999 9999 9999    1 9999    0    1 9999 9999
 9999 9999 9999 9999 9999 9999 9999 9999 9999    1    0    1 9999
 9999 9999 9999 9999 9999 9999 9999 9999 9999 9999    1    0    1
 9999 9999 9999 9999 9999 9999    1 9999 9999 9999 9999    1    0
    0 9999 9999 9999 9999 9999 9999 9999 9999 9999 9999 9999 9999
 9999    0 9999 9999 9999 9999 9999 9999 9999 9999 9999 9999 9999
 9999 9999    0 9999    1 9999 9999 9999 9999 9999 9999 9999 9999
 9999 9999 9999    0 9999 9999 9999 9999 9999 9999 9999 9999 9999
 9999 9999    1 9999    0 9999 9999    1 9999 9999 9999 9999 9999
 9999 9999 9999 9999 9999    0 9999 9999    1 9999 9999 9999 9999
 9999 9999 9999 9999 9999 9999    0 9999 9999 9999 9999 9999    1
 9999 9999 9999 9999    1 9999 9999    0    1    1 9999 9999 9999
 9999 9999 9999 9999 9999    1 9999    1    0 9999 9999 9999 9999
 9999 9999 9999 9999 9999 9999 9999    1 9999    0    1 9999 9999
 9999 9999 9999 9999 9999 9999 9999 9999 9999    1    0    1 9999
 9999 9999 9999 9999 9999 9999 9999 9999 9999 9999    1    0    1
 9999 9999 9999 9999 9999 9999    1 9999 9999 9999 9999    1    0
    0 9999 9999 9999 9999 9999 9999 9999 9999 9999 9999 9999 9999
 9999    0 9999 9999 9999 9999 9999 9999 9999 9999 9999 9999 9999
 9999 9999    0 9999    1 9999 9999 9999 9999 9999 9999 9999 9999
 9999 9999 9999    0 9999 9999 9999 9999 9999 9999 9999 9999 9999
 9999 9999    1 9999    0 9999 9999    1 9999 9999 9999 9999 9999
 9999 9999 9999 9999 9999    0 9999 9999    1 9999 9999 9999 9999
 9999 9999 9999 9999 9999 9999    0 9999 9999 9999 9999 9999    1
 9999 9999 9999 9999    1 9999 9999    0    1    1 9999 9999 9999
 9999 9999 9999 9999 9999    1 9999    1    0 9999 9999 9999 9999
 9999 9999 9999 9999 9999 9999 9999    1 9999    0    1 9999 9999
 9999 9999 9999 9999 9999 9999 9999 9999 9999    1    0    1 9999
 9999 9999 9999 9999 9999 9999 9999 9999 9999 9999    1    0    1
 9999 9999 9999 9999 9999 9999    1 9999 9999 9999 9999    1    0


Trying paths: 
10-13-3-0-5-11-
10-18-10-15-17-14-9-11-

 step = 9
